start: 24.9401102
end:  24.9400871